Dataset: alzheimer
ARI: 0.9141246866496547
NMI: 0.8364107183199052
