Dataset: plasschaert
ARI: 0.6151689685293924
NMI: 0.6899258838598319
