Dataset: plasschaert
ARI: 0.8822839655738984
NMI: 0.8794648960840189
