Dataset: alzheimer
ARI: 0.9378919211115899
NMI: 0.8749181281411885
