Dataset: ziesel
RMSE: 0.409141193333398
Cosine_Similarity: 0.7759152565605055
PCC: 0.7484416446224088
