Dataset: ziesel
RMSE: 0.46507197614988494
Cosine_Similarity: 0.6514330721018551
L1_Distance: 0.175603310963416
