Dataset: ziesel
RMSE: 0.46492165212310804
Cosine_Similarity: 0.6516043690789949
PCC: 0.6129628951544318
