Dataset: ziesel
RMSE: 0.44178018034443955
Cosine_Similarity: 0.7530180827452783
PCC: 0.7215530855046342
