Dataset: alzheimer
ARI: 0.725689204169237
NMI: 0.6428834214003506
