Dataset: quake_10x_limb_muscle
ARI: 0.9913910823355929
NMI: 0.9864230766225471
