Dataset: quake_10x_spleen
ARI: 0.7159818755713727
NMI: 0.7221338451163564
