Dataset: quake_10x_spleen
ARI: 0.7121549766153855
NMI: 0.7184240032301906
