Dataset: quake_10x_spleen
ARI: 0.3641027011028556
NMI: 0.5068365083879263
