Dataset: quake_10x_spleen
ARI: 0.37684026525560343
NMI: 0.4825416870039275
