Dataset: tosches turtle
ARI: 0.7824755165441972
NMI: 0.8531062577028494
