Dataset: tosches turtle
ARI: 0.7490067748326085
NMI: 0.8196760053870493
