Dataset: quake_smart-seq2_trachea
ARI: 0.98810242422153
NMI: 0.9842097781505191
