Dataset: quake_smart-seq2_trachea
ARI: 0.9784324888498076
NMI: 0.9733800122201601
