Dataset: quake_smart-seq2_heart
ARI: 0.8193225670394645
NMI: 0.863036929836482
