Dataset: quake_smart-seq2_heart
ARI: 0.5925736923750463
NMI: 0.7760259266530988
