Dataset: quake_smart-seq2_heart
ARI: 0.7492008648460192
NMI: 0.8311713480123509
