Dataset: quake_smart-seq2_heart
ARI: 0.8017231748912761
NMI: 0.8506354204419051
