Dataset: quake_smart-seq2_heart
ARI: 0.8158650488074674
NMI: 0.8558921955949886
