Dataset: quake_smart-seq2_heart
ARI: 0.5407260139617251
NMI: 0.7729112845678622
