Dataset: quake_smart-seq2_heart
ARI: 0.5639215393097903
NMI: 0.7852658239038569
