Dataset: quake_smart-seq2_diaphragm
ARI: 0.9694445457865869
NMI: 0.964590910234018
