Dataset: muraro
ARI: 0.9718784594787261
NMI: 0.9730587070194122
