Dataset: muraro
ARI: 0.8605913339394891
NMI: 0.9175925631273034
