Dataset: muraro
ARI: 0.8498709419850891
NMI: 0.9031861925694732
