Dataset: muraro
ARI: 0.9904318927931376
NMI: 0.9881197426981003
