Dataset: muraro
ARI: 0.9860514527237139
NMI: 0.9864612808436561
