Dataset: young
ARI: 0.9676870861684074
NMI: 0.971418347102181
