Dataset: young
ARI: 0.8920209156305546
NMI: 0.9032901996070051
