Dataset: plasschaert
ARI: 0.7658665532803001
NMI: 0.8081447143127336
