Dataset: plasschaert
ARI: 0.6267833200218734
NMI: 0.772405254407173
