Dataset: muraro
ARI: 0.7255933507282966
NMI: 0.8625687670207632
