Dataset: muraro
ARI: 0.7339502225869492
NMI: 0.8820481506342763
