Dataset: muraro
ARI: 0.878243661285122
NMI: 0.9090085494705681
