Dataset: alzheimer
ARI: 0.7656971705998316
NMI: 0.6812856650597854
