Dataset: quake_10x_limb_muscle
ARI: 0.9722489631844612
NMI: 0.959014585410504
