Dataset: muraro
ARI: 0.8122685428211871
NMI: 0.9177924522031602
