Dataset: muraro
ARI: 0.9778992977519152
NMI: 0.9736903609597963
