Dataset: alzheimer
ARI: 0.8977845525042661
NMI: 0.8146658001507214
