Dataset: alzheimer
ARI: 0.9064562986282958
NMI: 0.8350103702816911
