Dataset: quake_smart-seq2_heart
ARI: 0.6039579033177729
NMI: 0.7993173122446576
