Dataset: quake_smart-seq2_heart
ARI: 0.5382885670719734
NMI: 0.7578597847719877
