Dataset: young
ARI: 0.7442666313823845
NMI: 0.7884788706629566
