Dataset: young
ARI: 0.7459583071556721
NMI: 0.7963015471515323
