Dataset: young
ARI: 0.7427246358513012
NMI: 0.7924014580004364
