Dataset: quake_smart-seq2_limb_muscle
ARI: 0.9734063479439179
NMI: 0.9766127572908432
