Dataset: quake_10x_spleen
ARI: 0.9305836460445807
NMI: 0.8831086372451837
