Dataset: quake_10x_spleen
ARI: 0.8207000327832578
NMI: 0.8056878155475997
