Dataset: quake_smart-seq2_lung
ARI: 0.883595665712562
NMI: 0.8923627575848241
