Dataset: quake_smart-seq2_lung
ARI: 0.9709460334554029
NMI: 0.9699609436800283
