Dataset: quake_smart-seq2_diaphragm
ARI: 0.9804738323708158
NMI: 0.9771924554817764
