Dataset: quake_smart-seq2_diaphragm
ARI: 0.9802759931087486
NMI: 0.9763882059052934
