Dataset: klein
RMSE: 0.4405014685414523
Cosine_Similarity: 0.7425131555814886
PCC: 0.6521297700155827
