Dataset: klein
RMSE: 0.4676052162904294
Cosine_Similarity: 0.6805860824284738
PCC: 0.5578422707893648
