Dataset: klein
RMSE: 0.42619995241880504
Cosine_Similarity: 0.7525351055387874
PCC: 0.664413574735499
