Dataset: quake_smart-seq2_lung
ARI: 0.9767164814692575
NMI: 0.9791712583528538
