Dataset: quake_smart-seq2_lung
ARI: 0.9926617462313485
NMI: 0.993093439757539
