Dataset: quake_smart-seq2_lung
ARI: 0.9150366476935133
NMI: 0.9293140426016578
