Dataset: quake_smart-seq2_limb_muscle
ARI: 0.9646758337577886
NMI: 0.9668051031788496
