Dataset: quake_smart-seq2_limb_muscle
ARI: 0.7890372885123742
NMI: 0.869634277756399
