Dataset: muraro
ARI: 0.9784877740450665
NMI: 0.9821258862845043
