Dataset: muraro
ARI: 0.994923810857344
NMI: 0.9933876371911411
