Dataset: tosches turtle
ARI: 0.668636753065141
NMI: 0.8205175102385637
