Dataset: tosches turtle
ARI: 0.7066849375113703
NMI: 0.8054234499327235
