Dataset: quake_smart-seq2_trachea
ARI: 0.9310572595004072
NMI: 0.8942874310243077
