Dataset: quake_smart-seq2_trachea
ARI: 0.94244454374775
NMI: 0.9138906702802899
