Dataset: quake_smart-seq2_limb_muscle
ARI: 0.9604982553966734
NMI: 0.9631203726640423
