Dataset: ziesel
RMSE: 0.36891482269589165
Cosine_Similarity: 0.792608639068924
L1_Distance: 0.16775656529256253
