Dataset: ziesel
RMSE: 0.3641074036822845
Cosine_Similarity: 0.802674965508876
PCC: 0.7786524983582046
