Dataset: ziesel
RMSE: 0.37153265649213074
Cosine_Similarity: 0.7982185443785619
PCC: 0.7727819293880155
