Dataset: ziesel
RMSE: 0.331143433767444
Cosine_Similarity: 0.8330870330643928
PCC: 0.8129322746004383
