Dataset: ziesel
RMSE: 0.38111127448562643
Cosine_Similarity: 0.7879016380502177
L1_Distance: 0.1703287916709829
