Dataset: ziesel
RMSE: 0.3810799154477197
Cosine_Similarity: 0.7879411972714873
PCC: 0.7603105110582166
