Dataset: ziesel
RMSE: 0.36602364780131175
Cosine_Similarity: 0.8068309423058632
PCC: 0.7829028022503103
