Dataset: quake_smart-seq2_diaphragm
ARI: 0.9718047494537986
NMI: 0.9662958067110361
