Dataset: quake_smart-seq2_diaphragm
ARI: 0.951482804163713
NMI: 0.9412182252825219
