Dataset: quake_smart-seq2_trachea
ARI: 0.9024533995417073
NMI: 0.8842525237547306
