Dataset: quake_smart-seq2_trachea
ARI: 0.7386515904199956
NMI: 0.744457355306674
