Dataset: klein
RMSE: 0.4386026029363133
Cosine_Similarity: 0.7233532779368437
PCC: 0.6153767836553677
