Dataset: klein
RMSE: 0.43415750362863315
Cosine_Similarity: 0.7294975811258789
L1_Distance: 0.2786520376384175
