Dataset: klein
RMSE: 0.41328196277483564
Cosine_Similarity: 0.7779641738105861
PCC: 0.6975379660740159
