Dataset: quake_10x_spleen
ARI: 0.8210348258487702
NMI: 0.7986310515283265
