Dataset: quake_10x_spleen
ARI: 0.9215398212289866
NMI: 0.8653251749026966
