Dataset: quake_smart-seq2_trachea
ARI: 0.9559405038211317
NMI: 0.9479487162473926
