Dataset: quake_smart-seq2_trachea
ARI: 0.9327552967012465
NMI: 0.9251745856909205
