Dataset: quake_smart-seq2_trachea
ARI: 0.9134756252767177
NMI: 0.8924076895726818
