Dataset: ziesel
RMSE: 0.36609505289261635
Cosine_Similarity: 0.8319409138014425
PCC: 0.8106658047365426
