Dataset: ziesel
RMSE: 0.4194361509272123
Cosine_Similarity: 0.7827538229467437
PCC: 0.7543658673017432
