Dataset: klein
RMSE: 0.4786147524844893
Cosine_Similarity: 0.7341430502407318
PCC: 0.6226314818427723
