Dataset: klein
RMSE: 0.5448554414877037
Cosine_Similarity: 0.7183208120796876
PCC: 0.5899710009872132
