Dataset: young
ARI: 0.8935144731284079
NMI: 0.8990603203701516
