Dataset: young
ARI: 0.8979125801145026
NMI: 0.9014347925235177
