Dataset: young
ARI: 0.8956815365463313
NMI: 0.9010321304878474
