Dataset: young
ARI: 0.8611201987053855
NMI: 0.8755325271630997
