Dataset: young
RMSE: 0.22122136098592202
Cosine_Similarity: 0.7812765076599323
L1_Distance: 0.0760461083195612
