Dataset: romanov
ARI: 0.860387719495526
NMI: 0.8571634998665827
