Dataset: romanov
ARI: 0.954793309347617
NMI: 0.9343938565468846
