Dataset: quake_smart-seq2_diaphragm
ARI: 0.9351196369464788
NMI: 0.9290834787702638
