Dataset: quake_smart-seq2_diaphragm
ARI: 0.6702424196918424
NMI: 0.6969702422738737
