Dataset: quake_smart-seq2_diaphragm
ARI: 0.6595169025354946
NMI: 0.7050700046172209
