Dataset: quake_smart-seq2_trachea
ARI: 0.7482251593089615
NMI: 0.7460766732578361
