Dataset: quake_smart-seq2_lung
ARI: 0.9535260192012702
NMI: 0.9617061468354816
