Dataset: quake_smart-seq2_lung
ARI: 0.8761215411430441
NMI: 0.9185792296799832
