Dataset: quake_smart-seq2_lung
ARI: 0.7982801066866964
NMI: 0.8852383212785173
