Dataset: quake_smart-seq2_lung
ARI: 0.8651160077676069
NMI: 0.9116991455282767
