Dataset: tosches turtle
ARI: 0.5465288595111495
NMI: 0.710342674179695
