Dataset: tosches turtle
ARI: 0.7644403419175012
NMI: 0.8414733802830294
