Dataset: quake_smart-seq2_diaphragm
ARI: 0.9844126190365798
NMI: 0.9792701630377219
