Dataset: quake_10x_bladder
ARI: 0.9499110794266198
NMI: 0.9062857334037616
