Dataset: quake_10x_bladder
ARI: 0.9674751077845204
NMI: 0.9334077720136751
