Dataset: quake_10x_bladder
ARI: 0.9820121950187097
NMI: 0.957529675476631
