Dataset: quake_10x_bladder
ARI: 0.9755772837808275
NMI: 0.9446804560215732
