Dataset: quake_smart-seq2_lung
ARI: 0.979997957705085
NMI: 0.982445570409343
