Dataset: quake_smart-seq2_lung
ARI: 0.8761250097866674
NMI: 0.9103047567399983
