Dataset: quake_smart-seq2_diaphragm
ARI: 0.6470912205815459
NMI: 0.7134767388310719
