Dataset: quake_smart-seq2_diaphragm
ARI: 0.5408316502387552
NMI: 0.5975402954874259
