Dataset: quake_smart-seq2_lung
ARI: 0.9912689706007819
NMI: 0.9929602176106785
