Dataset: quake_10x_bladder
ARI: 0.9512713471032376
NMI: 0.9163543180335286
