Dataset: quake_10x_bladder
ARI: 0.8789254331215401
NMI: 0.8293429744215255
