Dataset: quake_10x_bladder
ARI: 0.940753859520389
NMI: 0.9035479273703012
