Dataset: quake_10x_limb_muscle
ARI: 0.9804741916075858
NMI: 0.9670326829149608
