Dataset: quake_10x_limb_muscle
ARI: 0.9749496386275723
NMI: 0.9583715312819883
