Dataset: quake_10x_limb_muscle
ARI: 0.9772923878341888
NMI: 0.9625276563770809
