Dataset: quake_10x_limb_muscle
ARI: 0.9398446516828888
NMI: 0.9171404991964084
