Dataset: quake_10x_limb_muscle
ARI: 0.9690618216667731
NMI: 0.9521096997805397
