Dataset: muraro
ARI: 0.868217361961226
NMI: 0.9217373196560644
