Dataset: muraro
ARI: 0.8671016530995701
NMI: 0.9091372390739503
