Dataset: muraro
ARI: 0.8118890262325595
NMI: 0.8902299359399262
