Dataset: muraro
ARI: 0.6936354371169765
NMI: 0.8311599293026344
