Dataset: muraro
ARI: 0.718232269441661
NMI: 0.8129580537417213
