Dataset: muraro
ARI: 0.7231340273552123
NMI: 0.8151367442804176
