Dataset: muraro
ARI: 0.7556442068083251
NMI: 0.889925296099029
