Dataset: tosches turtle
ARI: 0.5610335484114759
NMI: 0.7554732578942169
