Dataset: tosches turtle
ARI: 0.3992537087701977
NMI: 0.6286243398387339
