Dataset: tosches turtle
ARI: 0.42305627053785294
NMI: 0.6591070069287027
