Dataset: tosches turtle
ARI: 0.5607752781297775
NMI: 0.7557022936719648
