Dataset: quake_smart-seq2_trachea
ARI: 0.9281980990701667
NMI: 0.8874153969050208
