Dataset: quake_smart-seq2_trachea
ARI: 0.8855467465297681
NMI: 0.8440576461230288
