Dataset: quake_smart-seq2_trachea
ARI: 0.9235589065042344
NMI: 0.8806540109891107
