Dataset: quake_10x_limb_muscle
ARI: 0.9801143687851058
NMI: 0.9674439701209799
