Dataset: quake_10x_limb_muscle
ARI: 0.9881267756326743
NMI: 0.9779021059891465
