Dataset: quake_smart-seq2_trachea
ARI: 0.9772654137600898
NMI: 0.9689603737587988
