Dataset: quake_smart-seq2_trachea
ARI: 0.9181476005005285
NMI: 0.9080309824315814
