Dataset: quake_smart-seq2_heart
ARI: 0.6521483536124906
NMI: 0.8071253424963862
