Dataset: quake_smart-seq2_heart
ARI: 0.5946495382585969
NMI: 0.776641708598635
