Dataset: quake_smart-seq2_heart
ARI: 0.6081536375698076
NMI: 0.778151468497717
