Dataset: quake_smart-seq2_limb_muscle
ARI: 0.951721917086845
NMI: 0.9445366404277101
