Dataset: quake_smart-seq2_limb_muscle
ARI: 0.9034179531864245
NMI: 0.9127527224767101
