Dataset: quake_smart-seq2_limb_muscle
RMSE: 1.0418631613830336
Cosine_Similarity: 0.7015234044480224
L1_Distance: 0.2829985386949517
