Dataset: romanov
ARI: 0.33249905447317835
NMI: 0.47120181168470704
