Dataset: romanov
ARI: 0.4938807900222009
NMI: 0.6268810188004464
