Dataset: romanov
ARI: 0.567412279431903
NMI: 0.634474930271967
