Dataset: romanov
ARI: 0.49042268623282786
NMI: 0.624141557962792
