Dataset: romanov
ARI: 0.9323205799160378
NMI: 0.9109328509860672
