Dataset: romanov
ARI: 0.9007024460218025
NMI: 0.8856991512317021
