Dataset: ziesel
RMSE: 0.3107540308149148
Cosine_Similarity: 0.8645410036160672
PCC: 0.8486781928487551
