Dataset: ziesel
RMSE: 0.23010075141911182
Cosine_Similarity: 0.9184786062616158
PCC: 0.9157656475146625
