Dataset: quake_smart-seq2_diaphragm
ARI: 0.9384399517898552
NMI: 0.9310219002353417
