Dataset: quake_smart-seq2_diaphragm
ARI: 0.919946678060814
NMI: 0.905976032381552
