Dataset: quake_smart-seq2_lung
ARI: 0.9121723062507
NMI: 0.9204311286424569
