Dataset: quake_smart-seq2_lung
ARI: 0.9193049793291559
NMI: 0.9337753999336992
