Dataset: quake_smart-seq2_lung
ARI: 0.9381545815214594
NMI: 0.9451043581066683
