Dataset: quake_smart-seq2_limb_muscle
ARI: 0.9903921200538215
NMI: 0.9863957254012794
