Dataset: quake_smart-seq2_limb_muscle
ARI: 0.9849063617648067
NMI: 0.9806725295735091
