Dataset: quake_smart-seq2_limb_muscle
ARI: 0.72191329959157
NMI: 0.8176259256497032
