Dataset: tosches turtle
ARI: 0.6712306835992596
NMI: 0.7690923044828462
