Dataset: tosches turtle
ARI: 0.8313913985066501
NMI: 0.8726321435434323
