Dataset: quake_10x_spleen
ARI: 0.8468929587751773
NMI: 0.8163131383187873
