Dataset: quake_10x_spleen
ARI: 0.6270895362180529
NMI: 0.6573793842305854
