Dataset: quake_10x_spleen
ARI: 0.8136550507674721
NMI: 0.7877074574249305
