Dataset: alzheimer
ARI: 0.8699776980116731
NMI: 0.7792529839086073
