Dataset: romanov
ARI: 0.8836876916122729
NMI: 0.8641216204426683
