Dataset: romanov
ARI: 0.9164080737987661
NMI: 0.9111553125709431
