Dataset: romanov
ARI: 0.917044796691137
NMI: 0.9096623721132948
