Dataset: young
ARI: 0.5075184268801672
NMI: 0.6334741427961229
