Dataset: young
ARI: 0.7621374419615504
NMI: 0.8237714682152683
