Dataset: young
ARI: 0.7717696073231851
NMI: 0.8242486397358451
