Dataset: klein
RMSE: 0.4493148226260955
Cosine_Similarity: 0.7090156007172047
L1_Distance: 0.21016049284623373
