Dataset: klein
RMSE: 0.4493148226260955
Cosine_Similarity: 0.7090156007172047
PCC: 0.6010277038404709
