Dataset: klein
RMSE: 0.3206945797300536
Cosine_Similarity: 0.8662828969825623
PCC: 0.8200253381429792
