Dataset: young
ARI: 0.8463148219971817
NMI: 0.857960708821378
