Dataset: young
RMSE: 0.21068072822117243
Cosine_Similarity: 0.811414264523904
L1_Distance: 0.04945548399382216
