Dataset: young
ARI: 0.919242765814083
NMI: 0.9227328130146617
