Dataset: quake_smart-seq2_limb_muscle
ARI: 0.7324405313333722
NMI: 0.8552084808988538
