Dataset: quake_smart-seq2_limb_muscle
ARI: 0.9650260954169765
NMI: 0.9605995852819661
