Dataset: quake_smart-seq2_limb_muscle
RMSE: 0.6677671001914428
Cosine_Similarity: 0.8964318726940875
L1_Distance: 0.22007324380310742
