Dataset: quake_10x_limb_muscle
ARI: 0.9864168716432666
NMI: 0.9776312122816883
