Dataset: quake_10x_limb_muscle
ARI: 0.9956668921523651
NMI: 0.9912568421763983
