Dataset: quake_smart-seq2_trachea
ARI: 0.9756473117905297
NMI: 0.9680356536782481
