Dataset: quake_smart-seq2_trachea
ARI: 0.9666477793751088
NMI: 0.9535700367155956
