Dataset: quake_smart-seq2_heart
ARI: 0.5424690083295746
NMI: 0.7915593595127601
