Dataset: quake_smart-seq2_heart
ARI: 0.5596452833985939
NMI: 0.7862732495428791
