Dataset: quake_10x_limb_muscle
ARI: 0.9625801783505681
NMI: 0.9414928312580205
