Dataset: quake_10x_limb_muscle
ARI: 0.9628350310751692
NMI: 0.9435349021143227
