Dataset: quake_10x_limb_muscle
ARI: 0.6056235407412041
NMI: 0.6917077714246723
