Dataset: quake_10x_limb_muscle
ARI: 0.20081709918381563
NMI: 0.45600961619249153
