Dataset: klein
RMSE: 0.45909526962293823
Cosine_Similarity: 0.7002279485966598
L1_Distance: 0.29731729671919516
