Dataset: young
ARI: 0.8411822452504212
NMI: 0.8668377739805952
