Dataset: young
ARI: 0.8539073734042391
NMI: 0.8707233280591489
