Dataset: tosches turtle
ARI: 0.7353989816858791
NMI: 0.8234064561096524
