Dataset: tosches turtle
ARI: 0.5740077701480487
NMI: 0.7724837984302313
