Dataset: plasschaert
ARI: 0.44663203620428876
NMI: 0.5751661893551512
