Dataset: plasschaert
ARI: 0.7019260737411819
NMI: 0.7907171874559613
