Dataset: quake_10x_spleen
ARI: 0.5570677008784711
NMI: 0.714093657237494
