Dataset: quake_10x_spleen
ARI: 0.7011268784027423
NMI: 0.7039160882988048
