Dataset: quake_10x_spleen
ARI: 0.5386959903334473
NMI: 0.70746761610476
