Dataset: tosches turtle
ARI: 0.6392342757121156
NMI: 0.7963556912364791
