Dataset: tosches turtle
ARI: 0.47036887251606724
NMI: 0.6773556755699784
