Dataset: quake_smart-seq2_diaphragm
ARI: 0.8969809771019697
NMI: 0.8973361934059969
