Dataset: quake_smart-seq2_diaphragm
ARI: 0.6106098497164317
NMI: 0.6606963221080772
