Dataset: quake_smart-seq2_diaphragm
ARI: 0.6249647960733256
NMI: 0.6747522232947258
