Dataset: quake_smart-seq2_diaphragm
ARI: 0.3221103486822373
NMI: 0.42129133943933494
