Dataset: quake_10x_spleen
ARI: 0.8524614950556769
NMI: 0.8469243659844666
