Dataset: quake_10x_spleen
ARI: 0.786446391924847
NMI: 0.8068192365205439
