Dataset: alzheimer
ARI: 0.9392378383386483
NMI: 0.8805795934462104
