Dataset: young
ARI: 0.8045070978408057
NMI: 0.8343542562228781
