Dataset: young
ARI: 0.8216255136219769
NMI: 0.8439891482150225
