Dataset: young
RMSE: 0.26079942705548576
Cosine_Similarity: 0.6835818869317717
L1_Distance: 0.07818309874765163
