Dataset: young
ARI: 0.7992616719071993
NMI: 0.8321016308799821
