Dataset: young
ARI: 0.7468166547337564
NMI: 0.8127869873286357
