Dataset: quake_smart-seq2_lung
ARI: 0.849990182662432
NMI: 0.9007241814945345
