Dataset: quake_smart-seq2_lung
ARI: 0.96152741889176
NMI: 0.9655375699827627
