Dataset: quake_smart-seq2_lung
ARI: 0.868934462014669
NMI: 0.9114054398129994
