Dataset: quake_smart-seq2_heart
ARI: 0.4919538886143067
NMI: 0.7027929509241102
