Dataset: quake_smart-seq2_heart
ARI: 0.5494225809792556
NMI: 0.7585540904816055
