Dataset: quake_smart-seq2_heart
ARI: 0.5455182719970366
NMI: 0.7535795836629294
