Dataset: plasschaert
ARI: 0.8204707743219012
NMI: 0.8308897082533968
