Dataset: plasschaert
ARI: 0.7447936224363928
NMI: 0.8076505514875839
