Dataset: romanov
ARI: 0.6961296679129949
NMI: 0.7214798800278373
