Dataset: romanov
ARI: 0.6543541989538029
NMI: 0.6893428687913846
