Dataset: romanov
ARI: 0.6464386815588367
NMI: 0.6772593972923383
