Dataset: plasschaert
ARI: 0.5744829799710093
NMI: 0.7008636676078528
