Dataset: plasschaert
ARI: 0.7149936884576399
NMI: 0.7706689499952813
