Dataset: quake_smart-seq2_heart
ARI: 0.8196643013480563
NMI: 0.8682665235997918
