Dataset: quake_smart-seq2_heart
ARI: 0.8217891154261875
NMI: 0.8662963300880359
