Dataset: quake_smart-seq2_heart
ARI: 0.7586704572962576
NMI: 0.8562496543335071
