Dataset: ziesel
RMSE: 0.37010382667679737
Cosine_Similarity: 0.7896135815470173
L1_Distance: 0.17382262470818927
