Dataset: ziesel
RMSE: 0.36793196506371123
Cosine_Similarity: 0.7994938206151974
PCC: 0.7750540384654155
