Dataset: ziesel
RMSE: 0.3728146567969824
Cosine_Similarity: 0.8061146182633416
PCC: 0.7820837201970728
