Dataset: klein
RMSE: 0.2732795453529803
Cosine_Similarity: 0.9051148469039549
PCC: 0.876697395762856
