Dataset: klein
RMSE: 0.26027248664891606
Cosine_Similarity: 0.9165457032354688
L1_Distance: 0.078355882536123
