Dataset: klein
RMSE: 0.26027248664891606
Cosine_Similarity: 0.9165457032354688
PCC: 0.887216191325377
