Dataset: klein
RMSE: 0.42557116571554887
Cosine_Similarity: 0.7469322527229837
PCC: 0.6484646979492884
