Dataset: klein
RMSE: 0.4335291822541998
Cosine_Similarity: 0.7431280029746351
PCC: 0.6460077602198103
