Dataset: quake_smart-seq2_trachea
ARI: 0.954950382341555
NMI: 0.941736910475523
