Dataset: muraro
ARI: 0.8748075005076211
NMI: 0.9140760575544615
