Dataset: muraro
ARI: 0.9138320813786458
NMI: 0.9304521762395906
