Dataset: muraro
ARI: 0.8108503698276001
NMI: 0.9119561750448805
