Dataset: tosches turtle
ARI: 0.6339916537462547
NMI: 0.7960229679502941
