Dataset: tosches turtle
ARI: 0.6571293605494081
NMI: 0.7655198045043203
