Dataset: tosches turtle
ARI: 0.6279696768175235
NMI: 0.792368870312198
