Dataset: tosches turtle
ARI: 0.7982978748449221
NMI: 0.8499306168187762
