Dataset: tosches turtle
ARI: 0.4279909597028263
NMI: 0.6858903033610042
