Dataset: tosches turtle
ARI: 0.676265173323944
NMI: 0.7851707898203516
