Dataset: plasschaert
ARI: 0.8426460795043397
NMI: 0.8470146684011138
