Dataset: plasschaert
ARI: 0.9805776189494326
NMI: 0.9720248333730089
