Dataset: quake_10x_spleen
ARI: 0.9717520962655833
NMI: 0.9559244620000998
