Dataset: quake_10x_spleen
ARI: 0.841926208244666
NMI: 0.8337026012294968
