Dataset: young
ARI: 0.8093492420436653
NMI: 0.8514534796470451
