Dataset: young
RMSE: 0.21074883880288295
Cosine_Similarity: 0.8101393742889599
L1_Distance: 0.051420767684144504
