Dataset: young
ARI: 0.7921154904504765
NMI: 0.8284608631999768
