Dataset: klein
RMSE: 0.3576124433528949
Cosine_Similarity: 0.8398586883162883
L1_Distance: 0.15109212919431309
