Dataset: klein
RMSE: 0.3576124433528949
Cosine_Similarity: 0.8398586883162883
PCC: 0.7824828848001719
