Dataset: klein
RMSE: 0.3588386212180886
Cosine_Similarity: 0.8351132919736829
PCC: 0.7833484072597807
