Dataset: quake_smart-seq2_diaphragm
ARI: 0.9306007697284336
NMI: 0.9245883050146831
