Dataset: romanov
ARI: 0.8641518676574895
NMI: 0.8421108621995944
