Dataset: romanov
ARI: 0.8979689048692836
NMI: 0.8853091120168363
