Dataset: romanov
ARI: 0.8053106552009023
NMI: 0.7953639418404468
