Dataset: plasschaert
ARI: 0.49744779388958993
NMI: 0.6337744556042744
