Dataset: plasschaert
ARI: 0.7930756992651371
NMI: 0.816648545066782
