Dataset: plasschaert
ARI: 0.6843685259990201
NMI: 0.753561682211597
