Dataset: muraro
ARI: 0.8179027225947252
NMI: 0.8715976399112673
