Dataset: muraro
ARI: 0.6985494645774273
NMI: 0.829731381126863
