Dataset: muraro
ARI: 0.8194555526679572
NMI: 0.8734868368005709
