Dataset: muraro
ARI: 0.8760026737967914
NMI: 0.8958541743477048
