Dataset: muraro
ARI: 0.9506091112027361
NMI: 0.9591245302514745
