Dataset: romanov
ARI: 0.8377230206977295
NMI: 0.8214524796419657
