Dataset: romanov
ARI: 0.710799066394624
NMI: 0.7620703125128531
