Dataset: quake_10x_spleen
ARI: 0.752913582819728
NMI: 0.7233920077117434
