Dataset: quake_10x_spleen
ARI: 0.3490642506011141
NMI: 0.4939404930094856
