Dataset: quake_10x_limb_muscle
ARI: 0.9453838928101994
NMI: 0.919436860081072
