Dataset: quake_10x_limb_muscle
ARI: 0.9624206147675716
NMI: 0.9388740901945553
