Dataset: quake_10x_limb_muscle
ARI: 0.982049146759965
NMI: 0.9712438092526309
