Dataset: young
ARI: 0.6769271492264525
NMI: 0.7425220557746222
