Dataset: young
ARI: 0.88362154827296
NMI: 0.8906986311669347
