Dataset: young
ARI: 0.7449359411900955
NMI: 0.7899685381917319
