Dataset: quake_smart-seq2_diaphragm
ARI: 0.9158534207408133
NMI: 0.9120488238855043
