Dataset: klein
RMSE: 0.526709920833514
Cosine_Similarity: 0.5582218105924215
PCC: 0.403908507342464
