Dataset: klein
RMSE: 0.46783527544260023
Cosine_Similarity: 0.7390691952672367
PCC: 0.6459995013116709
