Dataset: klein
RMSE: 0.5267385166715667
Cosine_Similarity: 0.5581573694902415
L1_Distance: 0.311713095646602
