Dataset: klein
RMSE: 0.47444308181581624
Cosine_Similarity: 0.735459481903298
PCC: 0.6421364872270674
