Dataset: quake_10x_bladder
ARI: 0.9801880069692668
NMI: 0.9537106764993798
