Dataset: quake_10x_bladder
ARI: 0.9803599562879806
NMI: 0.9620513030727927
