Dataset: quake_10x_bladder
ARI: 0.9687156725155343
NMI: 0.93569691125979
