Dataset: romanov
ARI: 0.9299499429330254
NMI: 0.9189538399188895
