Dataset: romanov
ARI: 0.9305424836035324
NMI: 0.9134931100439316
