Dataset: romanov
ARI: 0.8693220234164948
NMI: 0.857830578541833
