Dataset: tosches turtle
ARI: 0.7270637933817887
NMI: 0.832600818568117
