Dataset: tosches turtle
ARI: 0.5607343000542773
NMI: 0.7525599972933386
