Dataset: tosches turtle
ARI: 0.726006071622755
NMI: 0.8300551267570243
