Dataset: tosches turtle
ARI: 0.62933576487901
NMI: 0.7720592081130289
