Dataset: quake_smart-seq2_trachea
ARI: 0.8904680101733521
NMI: 0.8846236486908965
