Dataset: quake_smart-seq2_trachea
ARI: 0.7859450139601101
NMI: 0.7802165426760549
