Dataset: ziesel
RMSE: 0.29870503265659587
Cosine_Similarity: 0.8662036374049367
PCC: 0.8521871491846694
