Dataset: ziesel
RMSE: 0.4027788791698781
Cosine_Similarity: 0.7522476778316378
PCC: 0.723443344019153
