Dataset: ziesel
RMSE: 0.31428567641436794
Cosine_Similarity: 0.8763552223687662
PCC: 0.8610966025510346
