Dataset: ziesel
RMSE: 0.40637705584427947
Cosine_Similarity: 0.8173715389415209
PCC: 0.7933302875106909
