Dataset: alzheimer
ARI: 0.9348473839905466
NMI: 0.8692599411547046
