Dataset: plasschaert
ARI: 0.7421338124660101
NMI: 0.8103380640771345
