Dataset: plasschaert
ARI: 0.5550088418867285
NMI: 0.6746656901995064
