Dataset: romanov
ARI: 0.9072483828505116
NMI: 0.8870025338449818
