Dataset: romanov
ARI: 0.9707561310425913
NMI: 0.9598697633547256
