Dataset: plasschaert
ARI: 0.828178593042405
NMI: 0.8223794265206846
