Dataset: plasschaert
ARI: 0.7033179060235408
NMI: 0.7421985793204776
