Dataset: plasschaert
ARI: 0.8294610817623741
NMI: 0.8196237156717132
