Dataset: romanov
ARI: 0.9508766956559522
NMI: 0.9366035873858394
