Dataset: romanov
ARI: 0.9876061092097911
NMI: 0.9824764537170477
