Dataset: quake_smart-seq2_heart
ARI: 0.9662740781686948
NMI: 0.9633435790020859
