Dataset: quake_smart-seq2_heart
ARI: 0.9471068612116211
NMI: 0.9632026635646529
