Dataset: quake_smart-seq2_heart
ARI: 0.7610375701531167
NMI: 0.8226790440080439
