Dataset: quake_smart-seq2_heart
ARI: 0.7403956389903762
NMI: 0.8224622197433147
