Dataset: quake_smart-seq2_heart
ARI: 0.7019046674374769
NMI: 0.8149067031289897
