Dataset: romanov
ARI: 0.9154507664305158
NMI: 0.9013277514302565
