Dataset: romanov
ARI: 0.8977709702450062
NMI: 0.8897781154795432
