Dataset: plasschaert
ARI: 0.8377470337224334
NMI: 0.8439334432258323
