Dataset: plasschaert
ARI: 0.724865140016099
NMI: 0.7753232275506213
