Dataset: plasschaert
ARI: 0.8295522975252554
NMI: 0.8377916151453325
