Dataset: plasschaert
ARI: 0.6500417487847169
NMI: 0.7305259661550054
