Dataset: ziesel
RMSE: 0.34066132542280203
Cosine_Similarity: 0.8144046452552158
PCC: 0.793746345249451
