Dataset: ziesel
RMSE: 0.32425125578170355
Cosine_Similarity: 0.8289003433200864
PCC: 0.8121385205041851
