Dataset: muraro
ARI: 0.9731474565831298
NMI: 0.9761951530817043
