Dataset: muraro
ARI: 0.9553055665295462
NMI: 0.9553450555575168
