Dataset: romanov
ARI: 0.8391910601668185
NMI: 0.8247911287906898
