Dataset: romanov
ARI: 0.8320271540107503
NMI: 0.8437885719806305
