Dataset: romanov
ARI: 0.8242845849685535
NMI: 0.8363157676093969
