Dataset: romanov
ARI: 0.9051524382282664
NMI: 0.8799667875587703
