Dataset: quake_smart-seq2_limb_muscle
ARI: 0.6304049772816915
NMI: 0.7087272652653556
