Dataset: quake_smart-seq2_limb_muscle
ARI: 0.7953631660151766
NMI: 0.8957247716033828
