Dataset: quake_smart-seq2_limb_muscle
ARI: 0.6065572104885948
NMI: 0.6872347193489869
