Dataset: quake_smart-seq2_limb_muscle
ARI: 0.3978167251711337
NMI: 0.6131533458825407
