Dataset: quake_smart-seq2_limb_muscle
RMSE: 1.1160094657972812
Cosine_Similarity: 0.6394978016812913
L1_Distance: 0.4422550636891315
