Dataset: quake_10x_bladder
ARI: 0.9792405134545445
NMI: 0.9651629464918314
