Dataset: quake_10x_bladder
ARI: 0.9876047765195355
NMI: 0.9655659659079439
