Dataset: alzheimer
ARI: 0.8901798498889464
NMI: 0.8182584588434334
