Dataset: quake_smart-seq2_heart
ARI: 0.9352964707145557
NMI: 0.9488988229449549
