Dataset: quake_smart-seq2_heart
ARI: 0.8944976249140167
NMI: 0.9243122478518583
