Dataset: plasschaert
ARI: 0.60308649666265
NMI: 0.7466247932259288
