Dataset: plasschaert
ARI: 0.6544861756780213
NMI: 0.7259090725313138
