Dataset: quake_10x_bladder
ARI: 0.981141237999751
NMI: 0.9527282543436959
