Dataset: quake_smart-seq2_limb_muscle
ARI: 0.6833608236287387
NMI: 0.8205297043784288
