Dataset: quake_smart-seq2_limb_muscle
ARI: 0.9367194625353986
NMI: 0.9282175973736962
