Dataset: muraro
ARI: 0.7228032153399584
NMI: 0.8810831248901554
