Dataset: muraro
ARI: 0.9105822499880055
NMI: 0.9462443572729825
