Dataset: muraro
RMSE: 0.39180363752799013
Cosine_Similarity: 0.9116424828988097
L1_Distance: 0.15583048431463317
