Dataset: muraro
ARI: 0.9469244529652028
NMI: 0.9548431872360024
