Dataset: muraro
ARI: 0.810124518964598
NMI: 0.9316062095527056
