Dataset: quake_smart-seq2_diaphragm
RMSE: 0.5929102067546407
Cosine_Similarity: 0.9075835616675363
L1_Distance: 0.19973235264278205
