Dataset: quake_smart-seq2_limb_muscle
ARI: 0.97811183434677
NMI: 0.9736846322957986
