Dataset: quake_smart-seq2_limb_muscle
ARI: 0.8020372975837385
NMI: 0.8558453261891545
