Dataset: quake_smart-seq2_limb_muscle
ARI: 0.964781840110709
NMI: 0.9572984521787666
