Dataset: tosches turtle
ARI: 0.58554140701705
NMI: 0.7928064727342579
