Dataset: tosches turtle
ARI: 0.7508930858093367
NMI: 0.8202431967792886
