Dataset: tosches turtle
ARI: 0.5879684026688441
NMI: 0.7922265594653471
