Dataset: tosches turtle
ARI: 0.7082344455347147
NMI: 0.802929627506049
