Dataset: romanov
ARI: 0.9801013924369811
NMI: 0.9736326159427552
