Dataset: romanov
ARI: 0.8905920049218942
NMI: 0.8569259545041349
