Dataset: quake_smart-seq2_trachea
ARI: 0.9825944450433233
NMI: 0.9704437715348889
