Dataset: quake_smart-seq2_diaphragm
ARI: 0.9249002379553904
NMI: 0.9167773099956805
