Dataset: quake_smart-seq2_diaphragm
ARI: 0.9582977507853142
NMI: 0.9551737419177276
