Dataset: tosches turtle
ARI: 0.8281278150836248
NMI: 0.8743231267042163
