Dataset: tosches turtle
ARI: 0.9392711655973641
NMI: 0.9500514232465437
