Dataset: quake_10x_spleen
ARI: 0.6878533709951136
NMI: 0.7483432459548951
