Dataset: quake_10x_spleen
ARI: 0.7227547545835378
NMI: 0.7692011994057255
