Dataset: quake_10x_spleen
ARI: 0.7269076265894063
NMI: 0.7755103551608008
