Dataset: quake_10x_spleen
ARI: 0.5662818293227656
NMI: 0.6683745841806519
