Dataset: quake_10x_spleen
ARI: 0.8335075649085831
NMI: 0.8225037186078537
