Dataset: quake_10x_spleen
ARI: 0.9316023451571445
NMI: 0.9045548419744177
