Dataset: klein
RMSE: 0.4375136705134915
Cosine_Similarity: 0.7240951705898946
PCC: 0.6097498441556469
