Dataset: klein
RMSE: 0.40085063751961014
Cosine_Similarity: 0.7830761993238097
PCC: 0.7039989319463471
