Dataset: quake_smart-seq2_limb_muscle
ARI: 0.3526391464771828
NMI: 0.5879373798293664
