Dataset: quake_smart-seq2_limb_muscle
ARI: 0.8167250381175133
NMI: 0.8387499641812085
