Dataset: quake_smart-seq2_limb_muscle
ARI: 0.829752938375411
NMI: 0.846330144060953
