Dataset: alzheimer
ARI: 0.8003035106512655
NMI: 0.7396478608221495
