Dataset: alzheimer
ARI: 0.9034523030303859
NMI: 0.8348713174813077
