Dataset: alzheimer
ARI: 0.8443358353545101
NMI: 0.774611273158122
