Dataset: plasschaert
ARI: 0.5909356865514735
NMI: 0.7339921506976195
