Dataset: plasschaert
ARI: 0.6031193562463009
NMI: 0.7391240224617409
