Dataset: plasschaert
ARI: 0.6014885654246604
NMI: 0.6992817531201783
