Dataset: plasschaert
ARI: 0.54605018396809
NMI: 0.6722656859644622
