Dataset: tosches turtle
ARI: 0.5250998283671773
NMI: 0.6913676015384479
