Dataset: tosches turtle
ARI: 0.3443813705731151
NMI: 0.5654688564649992
