Dataset: tosches turtle
ARI: 0.5298802766089471
NMI: 0.6948778048536964
