Dataset: muraro
ARI: 0.796575681112533
NMI: 0.8610197407213991
