Dataset: muraro
ARI: 0.9784182774585785
NMI: 0.9771602370737698
