Dataset: muraro
ARI: 0.8576288989359273
NMI: 0.9011650966015351
