Dataset: muraro
ARI: 0.8165238677277682
NMI: 0.8646579739806168
