Dataset: quake_smart-seq2_diaphragm
ARI: 0.977721255205756
NMI: 0.9614465302515196
