Dataset: quake_10x_spleen
ARI: 0.8483819772024171
NMI: 0.810750883038009
