Dataset: quake_10x_spleen
ARI: 0.7392042883224913
NMI: 0.7460602858115312
