Dataset: quake_10x_spleen
ARI: 0.8592256987753513
NMI: 0.7990146684594764
