Dataset: quake_10x_spleen
ARI: 0.8804710945285028
NMI: 0.8433726428773058
