Dataset: quake_10x_spleen
ARI: 0.8428559165785678
NMI: 0.8270188560108297
