Dataset: quake_10x_bladder
ARI: 0.984528336440309
NMI: 0.9583312711938399
