Dataset: quake_10x_bladder
ARI: 0.9874487583695271
NMI: 0.9733324355879076
