Dataset: young
ARI: 0.9408189827890514
NMI: 0.9439932215692293
