Dataset: young
ARI: 0.9738473539650933
NMI: 0.9761802568601468
