Dataset: quake_10x_limb_muscle
ARI: 0.8740739050818304
NMI: 0.8870574201391466
