Dataset: quake_10x_limb_muscle
ARI: 0.5521824338402143
NMI: 0.6793884724380478
