Dataset: quake_10x_limb_muscle
ARI: 0.8888230656043087
NMI: 0.8938074004610106
