Dataset: quake_smart-seq2_heart
ARI: 0.8651420272422244
NMI: 0.8953307502613423
