Dataset: quake_smart-seq2_heart
ARI: 0.8901439394247166
NMI: 0.9189598523932051
