Dataset: quake_10x_bladder
ARI: 0.9961164061714036
NMI: 0.9901134991962567
