Dataset: plasschaert
ARI: 0.5726146125960817
NMI: 0.6603545395505114
