Dataset: plasschaert
ARI: 0.5748334450840041
NMI: 0.7169775950849473
