Dataset: plasschaert
ARI: 0.5650959164664061
NMI: 0.7134014028987535
