Dataset: muraro
ARI: 0.9874828404912056
NMI: 0.9874963804416813
