Dataset: muraro
ARI: 0.9242600262077321
NMI: 0.9324081875122688
