Dataset: quake_smart-seq2_trachea
ARI: 0.955137906851973
NMI: 0.9389246865741512
