Dataset: quake_smart-seq2_trachea
ARI: 0.9636890518407232
NMI: 0.9560046734807714
