Dataset: muraro
ARI: 0.9225476352941363
NMI: 0.9418847157379927
