Dataset: muraro
ARI: 0.8303242720596654
NMI: 0.896583018813479
