Dataset: muraro
ARI: 0.8673281237292493
NMI: 0.9178095795191936
