Dataset: muraro
ARI: 0.8457294774505469
NMI: 0.9019828348090616
