Dataset: muraro
ARI: 0.9336570834776339
NMI: 0.9468859419415726
