Dataset: tosches turtle
ARI: 0.4403216241792075
NMI: 0.6931941899192802
