Dataset: tosches turtle
ARI: 0.7331755256895754
NMI: 0.812364978533436
