Dataset: tosches turtle
ARI: 0.7264819347098069
NMI: 0.8258091667356554
