Dataset: young
ARI: 0.7853002355372285
NMI: 0.840508507239283
