Dataset: young
RMSE: 0.24996875111244696
Cosine_Similarity: 0.711373692343268
L1_Distance: 0.07388294255419157
