Dataset: young
ARI: 0.4588721425130652
NMI: 0.6375929710038859
