Dataset: young
ARI: 0.7912962179677145
NMI: 0.842460417307498
