Dataset: young
ARI: 0.360843461820379
NMI: 0.55539728008079
