Dataset: quake_10x_spleen
ARI: 0.758605618772556
NMI: 0.7723918993750136
