Dataset: quake_10x_spleen
ARI: 0.8574822262208823
NMI: 0.8119220300120951
