Dataset: quake_10x_spleen
ARI: 0.8747396011269014
NMI: 0.8371052582839527
