Dataset: quake_10x_spleen
ARI: 0.6614638082240779
NMI: 0.7032582368336737
