Dataset: quake_10x_spleen
ARI: 0.7982302604436562
NMI: 0.8016430688939509
