Dataset: quake_10x_spleen
ARI: 0.7947487729792763
NMI: 0.8009251490509643
