Dataset: quake_smart-seq2_lung
ARI: 0.8566439934437456
NMI: 0.9149222020863064
