Dataset: quake_smart-seq2_lung
ARI: 0.9692243021954802
NMI: 0.9770913212796687
