Dataset: klein
RMSE: 0.19574893024796802
Cosine_Similarity: 0.9529543312044306
L1_Distance: 0.04233836838016165
