Dataset: klein
RMSE: 0.19716506548115628
Cosine_Similarity: 0.9511294295807237
PCC: 0.9352495224390116
