Dataset: klein
RMSE: 0.19574893024796802
Cosine_Similarity: 0.9529543312044306
PCC: 0.9366784675856368
