Dataset: romanov
ARI: 0.8258463085234935
NMI: 0.8560421814883292
