Dataset: romanov
ARI: 0.8117674787141017
NMI: 0.8420684079143077
