Dataset: romanov
ARI: 0.7498134529818594
NMI: 0.761144670879721
