Dataset: romanov
ARI: 0.8542376586909695
NMI: 0.8370133982345467
