Dataset: quake_smart-seq2_limb_muscle
ARI: 0.820600372244758
NMI: 0.881451127822262
