Dataset: alzheimer
ARI: 0.881450266231643
NMI: 0.8022974200099577
