Dataset: ziesel
RMSE: 0.4484746294688174
Cosine_Similarity: 0.7391212298682672
PCC: 0.7051307455986735
