Dataset: ziesel
RMSE: 0.45622711317623027
Cosine_Similarity: 0.6983159979540735
PCC: 0.6660998268686321
