Dataset: quake_10x_bladder
ARI: 0.960172419932184
NMI: 0.9280065129044475
