Dataset: quake_10x_bladder
ARI: 0.9838249597706373
NMI: 0.9557453265152546
