Dataset: plasschaert
ARI: 0.9310115113860054
NMI: 0.9250465920540627
