Dataset: plasschaert
ARI: 0.7541787228039122
NMI: 0.7828854321154202
