Dataset: alzheimer
ARI: 0.9258292885083388
NMI: 0.8575340433895153
