Dataset: alzheimer
ARI: 0.9347312651344265
NMI: 0.8748327138213539
