Dataset: tosches turtle
ARI: 0.5628815499005883
NMI: 0.7368285983823925
