Dataset: tosches turtle
ARI: 0.7604761114089104
NMI: 0.8557381997544948
