Dataset: klein
RMSE: 0.4255361037906573
Cosine_Similarity: 0.7478398115883408
PCC: 0.6497767748308308
