Dataset: klein
RMSE: 0.42979551237072944
Cosine_Similarity: 0.7408025324458727
L1_Distance: 0.30684006971392214
