Dataset: klein
RMSE: 0.43091478745167827
Cosine_Similarity: 0.7447223452172079
PCC: 0.6476372922952811
