Dataset: quake_smart-seq2_lung
ARI: 0.9252818033364559
NMI: 0.9380125715554591
