Dataset: quake_smart-seq2_lung
ARI: 0.9504270097224214
NMI: 0.9676289156778897
