Dataset: quake_smart-seq2_lung
RMSE: 1.0213179697811683
Cosine_Similarity: 0.7066186827277291
L1_Distance: 0.2822028994236319
