Dataset: quake_smart-seq2_trachea
ARI: 0.9572363857571611
NMI: 0.9547807925880213
