Dataset: quake_smart-seq2_trachea
ARI: 0.9634315540851303
NMI: 0.9562589659071665
