Dataset: klein
RMSE: 0.43634812079907903
Cosine_Similarity: 0.7379745576092395
PCC: 0.6394761497015022
