Dataset: klein
RMSE: 0.4267590374347992
Cosine_Similarity: 0.7463061638697267
PCC: 0.6478523954951112
