Dataset: plasschaert
ARI: 0.6489879834401874
NMI: 0.737217768020712
