Dataset: plasschaert
ARI: 0.40872671850013387
NMI: 0.5481603977808818
