Dataset: plasschaert
ARI: 0.6556314725489646
NMI: 0.73807088440288
