Dataset: plasschaert
ARI: 0.7789309433505405
NMI: 0.8028798223951479
