Dataset: plasschaert
ARI: 0.6237405314575566
NMI: 0.7150970822630051
