Dataset: plasschaert
ARI: 0.6315600614538952
NMI: 0.7328286552939801
