Dataset: romanov
ARI: 0.8887433189959689
NMI: 0.8759713072438513
