Dataset: romanov
ARI: 0.8291881218970709
NMI: 0.8084068250201725
