Dataset: romanov
ARI: 0.8738104425155334
NMI: 0.8638248217518258
