Dataset: quake_10x_limb_muscle
ARI: 0.9808235671353124
NMI: 0.963031285794001
