Dataset: quake_10x_limb_muscle
ARI: 0.9774910340240931
NMI: 0.9609402890968365
