Dataset: quake_10x_limb_muscle
ARI: 0.9556079575363092
NMI: 0.9364876157672949
