Dataset: quake_smart-seq2_lung
ARI: 0.983886269357843
NMI: 0.9860542524668431
