Dataset: quake_10x_spleen
ARI: 0.8039653120597748
NMI: 0.8203931643191166
