Dataset: quake_10x_spleen
ARI: 0.7505495337133432
NMI: 0.7325287461110209
