Dataset: quake_smart-seq2_lung
ARI: 0.9253999418746837
NMI: 0.9377588517004433
