Dataset: quake_smart-seq2_lung
ARI: 0.8849700359635848
NMI: 0.9297748105951436
