Dataset: quake_smart-seq2_lung
ARI: 0.8614413573893221
NMI: 0.9092073853235377
