Dataset: quake_smart-seq2_limb_muscle
ARI: 0.9497812501396524
NMI: 0.9401848976956613
