Dataset: quake_smart-seq2_limb_muscle
ARI: 0.8223576205008057
NMI: 0.8880007190812589
