Dataset: quake_10x_bladder
ARI: 0.984677836976281
NMI: 0.9653226004468766
