Dataset: quake_10x_bladder
ARI: 0.937159134450367
NMI: 0.9196396056917883
