Dataset: quake_10x_bladder
ARI: 0.9712001714072421
NMI: 0.9482884925841423
