Dataset: quake_smart-seq2_heart
ARI: 0.8460904201814677
NMI: 0.8604027928707666
