Dataset: quake_smart-seq2_heart
RMSE: 1.1369584007242108
Cosine_Similarity: 0.7185086144802422
L1_Distance: 0.36391291360741407
