Dataset: quake_smart-seq2_heart
ARI: 0.6017244110452789
NMI: 0.7766176893788692
