Dataset: klein
RMSE: 0.4433075699916076
Cosine_Similarity: 0.7701739181059772
PCC: 0.6854199468388513
