Dataset: klein
RMSE: 0.5060781201430187
Cosine_Similarity: 0.6007146790955301
PCC: 0.4619115359557878
