Dataset: ziesel
RMSE: 0.41969765900346195
Cosine_Similarity: 0.7830179355784995
L1_Distance: 0.16887719488290326
