Dataset: quake_10x_limb_muscle
ARI: 0.9368159681024667
NMI: 0.9187531123368693
