Dataset: quake_10x_limb_muscle
ARI: 0.9646209884716465
NMI: 0.946058260376451
