Dataset: quake_10x_limb_muscle
ARI: 0.9796220651736366
NMI: 0.9663823964107627
