Dataset: romanov
ARI: 0.8555800648757066
NMI: 0.8403757272060542
