Dataset: romanov
ARI: 0.771409185926169
NMI: 0.8159682217844276
