Dataset: quake_10x_limb_muscle
ARI: 0.9737300518606958
NMI: 0.955907541887958
