Dataset: quake_10x_limb_muscle
ARI: 0.7827420829359943
NMI: 0.8274047935834894
