Dataset: quake_smart-seq2_limb_muscle
RMSE: 0.8118945722192682
Cosine_Similarity: 0.8380454178428549
L1_Distance: 0.24218488308888791
