Dataset: quake_smart-seq2_limb_muscle
ARI: 0.8006952928005289
NMI: 0.8737792119415895
