Dataset: quake_10x_bladder
ARI: 0.9874555271978519
NMI: 0.9733232994503133
