Dataset: quake_10x_bladder
ARI: 0.9782808797020844
NMI: 0.9501210639658353
