Dataset: klein
RMSE: 0.5715148959072486
Cosine_Similarity: 0.6551610611107819
PCC: 0.49899880180857786
