Dataset: klein
RMSE: 0.6203774364706097
Cosine_Similarity: 0.537491206778115
PCC: 0.3352177037699038
