Dataset: quake_smart-seq2_lung
ARI: 0.8299354116484913
NMI: 0.865187218431261
