Dataset: quake_smart-seq2_lung
ARI: 0.7312278189841931
NMI: 0.8102473568027276
