Dataset: quake_smart-seq2_lung
ARI: 0.7530814987269757
NMI: 0.8212841764400246
