Dataset: quake_smart-seq2_trachea
ARI: 0.9598404409024618
NMI: 0.9435102212855702
