Dataset: quake_10x_limb_muscle
ARI: 0.9314309183949062
NMI: 0.9043983700399093
