Dataset: quake_10x_limb_muscle
ARI: 0.9710468477360825
NMI: 0.9513483291275464
