Dataset: quake_10x_limb_muscle
ARI: 0.9701858920208377
NMI: 0.9507532616525746
