Dataset: ziesel
RMSE: 0.3445787340209781
Cosine_Similarity: 0.8187361774558617
PCC: 0.8009475373227092
