Dataset: ziesel
RMSE: 0.38053628826563984
Cosine_Similarity: 0.7684899793068718
PCC: 0.7417804901509792
