Dataset: ziesel
RMSE: 0.38771522220459975
Cosine_Similarity: 0.7610193952229575
L1_Distance: 0.16784033537407514
