Dataset: klein
RMSE: 0.4572157955399221
Cosine_Similarity: 0.6965363030502746
L1_Distance: 0.3117184066908213
