Dataset: klein
RMSE: 0.4181859369821848
Cosine_Similarity: 0.7583385383899802
PCC: 0.672182317381895
