Dataset: klein
RMSE: 0.43053558180035295
Cosine_Similarity: 0.7459546882861968
PCC: 0.6570518343052967
