Dataset: klein
RMSE: 0.45720220341627493
Cosine_Similarity: 0.6965625414114057
PCC: 0.5738944645150442
