Dataset: quake_smart-seq2_lung
ARI: 0.6487204594581709
NMI: 0.7632010689794648
