Dataset: quake_smart-seq2_lung
ARI: 0.38413020282137395
NMI: 0.6213321286711806
