Dataset: quake_smart-seq2_lung
ARI: 0.8159035693535178
NMI: 0.8913966070046928
