Dataset: quake_smart-seq2_lung
ARI: 0.6545535514908221
NMI: 0.7647917609145903
