Dataset: plasschaert
ARI: 0.3756662867745446
NMI: 0.5457392444264719
