Dataset: plasschaert
ARI: 0.5950871067291941
NMI: 0.7270197180971503
