Dataset: plasschaert
ARI: 0.5896080743390246
NMI: 0.7272258548607055
