Dataset: plasschaert
ARI: 0.3982385021313753
NMI: 0.5652692104438082
