Dataset: quake_smart-seq2_lung
ARI: 0.9562153309425557
NMI: 0.965153961931075
