Dataset: quake_smart-seq2_lung
ARI: 0.9513957178487452
NMI: 0.9574242925831172
