Dataset: quake_10x_limb_muscle
ARI: 0.9181057545612815
NMI: 0.9164559424961266
