Dataset: quake_10x_limb_muscle
ARI: 0.963317735613312
NMI: 0.9421628169630573
