Dataset: ziesel
RMSE: 0.20508680292188897
Cosine_Similarity: 0.9339360211467675
PCC: 0.9363669617105933
