Dataset: ziesel
RMSE: 0.2511673158349247
Cosine_Similarity: 0.9150951262707369
PCC: 0.9082982150028366
