Dataset: quake_smart-seq2_heart
ARI: 0.5583759047264065
NMI: 0.7725479747075709
