Dataset: quake_smart-seq2_heart
ARI: 0.4964275033742432
NMI: 0.7065913961532646
