Dataset: quake_smart-seq2_heart
ARI: 0.5592938995717869
NMI: 0.776313582890831
