Dataset: quake_smart-seq2_heart
ARI: 0.5537759982578451
NMI: 0.7647002006447093
