Dataset: quake_smart-seq2_heart
RMSE: 1.3721974691313494
Cosine_Similarity: 0.5320202276705901
L1_Distance: 0.5168253967417529
