Dataset: klein
RMSE: 0.5437753388435138
Cosine_Similarity: 0.7391369032095594
PCC: 0.6228546882678164
