Dataset: klein
RMSE: 0.5037395601991032
Cosine_Similarity: 0.7341468946430766
PCC: 0.6106441570508101
