Dataset: ziesel
RMSE: 0.18203474730146368
Cosine_Similarity: 0.9515189727317851
PCC: 0.9465276013183982
