Dataset: ziesel
RMSE: 0.1417705811056967
Cosine_Similarity: 0.9727820529949945
L1_Distance: 0.023269888118170493
