Dataset: ziesel
RMSE: 0.1417705811056967
Cosine_Similarity: 0.9727820529949945
PCC: 0.969759299823673
