Dataset: tosches turtle
ARI: 0.4000985012352696
NMI: 0.6708881823260083
