Dataset: tosches turtle
ARI: 0.7166600224915821
NMI: 0.816655962760107
