Dataset: tosches turtle
ARI: 0.5296812860823035
NMI: 0.7013300033796896
