Dataset: quake_smart-seq2_diaphragm
ARI: 0.7422831867387671
NMI: 0.7440120969627457
