Dataset: quake_smart-seq2_diaphragm
ARI: 0.6424387838097084
NMI: 0.6979881873363779
