Dataset: ziesel
RMSE: 0.3955461872138529
Cosine_Similarity: 0.7910913122800868
PCC: 0.7704229816137752
