Dataset: ziesel
RMSE: 0.4446473988117198
Cosine_Similarity: 0.673378366318412
PCC: 0.6391062739842965
