Dataset: young
ARI: 0.8235597285186732
NMI: 0.849401552640516
