Dataset: young
ARI: 0.9018254951433656
NMI: 0.9130435153673597
