Dataset: quake_smart-seq2_lung
ARI: 0.8622821538974158
NMI: 0.9172755328931806
