Dataset: quake_smart-seq2_lung
ARI: 0.9090075693193436
NMI: 0.9330878072648007
