Dataset: quake_smart-seq2_lung
ARI: 0.9417970886930628
NMI: 0.9474176893206084
