Dataset: tosches turtle
ARI: 0.6402791435915629
NMI: 0.7794999393019405
