Dataset: tosches turtle
ARI: 0.6544380659126224
NMI: 0.7632723485379271
