Dataset: young
ARI: 0.8348662840930113
NMI: 0.8637409339049501
