Dataset: young
ARI: 0.7916576542794816
NMI: 0.8263535704081769
