Dataset: young
ARI: 0.8727004865185899
NMI: 0.8842605271394464
