Dataset: young
ARI: 0.7245765874218895
NMI: 0.7694521677944841
