Dataset: young
ARI: 0.8525393492197302
NMI: 0.8729362832083026
