Dataset: quake_10x_bladder
ARI: 0.9227754773891598
NMI: 0.8910816592122308
