Dataset: quake_10x_bladder
ARI: 0.9583861152764241
NMI: 0.9078446019125102
