Dataset: quake_10x_bladder
ARI: 0.9299687873379863
NMI: 0.8974984896981064
