Dataset: quake_10x_bladder
ARI: 0.9884641147167421
NMI: 0.9760423003041984
