Dataset: quake_10x_bladder
ARI: 0.9477787297460653
NMI: 0.8987391094002061
