Dataset: romanov
ARI: 0.9921410086846877
NMI: 0.9884039611583507
