Dataset: romanov
ARI: 0.9807875409684091
NMI: 0.9743829007474011
