Dataset: klein
RMSE: 0.308463264176267
Cosine_Similarity: 0.8792441063551923
PCC: 0.8392546653877548
