Dataset: klein
RMSE: 0.24327111046854297
Cosine_Similarity: 0.9295638572808477
PCC: 0.9268678136332417
