Dataset: quake_10x_spleen
ARI: 0.8900361546032631
NMI: 0.8713416055182331
