Dataset: quake_10x_spleen
ARI: 0.9758027481063898
NMI: 0.9645868268426381
