Dataset: quake_10x_bladder
ARI: 0.9875964468286826
NMI: 0.9630676712592657
