Dataset: quake_10x_bladder
ARI: 0.9957804942666786
NMI: 0.9903241083304657
