Dataset: quake_smart-seq2_lung
ARI: 0.96653038104705
NMI: 0.9723451177447405
