Dataset: quake_smart-seq2_lung
ARI: 0.971978449050854
NMI: 0.9595772249014016
