Dataset: quake_10x_spleen
ARI: 0.8228878434071978
NMI: 0.825554156332985
