Dataset: quake_10x_spleen
ARI: 0.9125549564239548
NMI: 0.8696458495338485
