Dataset: quake_10x_limb_muscle
ARI: 0.7547851731593519
NMI: 0.808098143884796
