Dataset: quake_10x_limb_muscle
ARI: 0.9736766424259455
NMI: 0.9562646777226472
