Dataset: muraro
ARI: 0.9485752644541587
NMI: 0.9528904089726542
