Dataset: muraro
ARI: 0.8694865675531948
NMI: 0.8730065861086308
