Dataset: muraro
ARI: 0.8625138119602779
NMI: 0.8609021098270294
