Dataset: muraro
ARI: 0.7939394256126623
NMI: 0.8747508322803708
