Dataset: quake_smart-seq2_limb_muscle
ARI: 0.8870801153231951
NMI: 0.9117223416391909
