Dataset: young
ARI: 0.8219974341355192
NMI: 0.8510158792556392
