Dataset: young
ARI: 0.8743463837093713
NMI: 0.8865901522477228
