Dataset: young
ARI: 0.8178041389464904
NMI: 0.8352531693232383
