Dataset: quake_10x_limb_muscle
ARI: 0.9642357092250292
NMI: 0.944369334453124
