Dataset: quake_smart-seq2_limb_muscle
ARI: 0.566206563890341
NMI: 0.6570377377437441
