Dataset: quake_smart-seq2_limb_muscle
ARI: 0.2167455283077287
NMI: 0.43175890610068723
