Dataset: quake_smart-seq2_limb_muscle
RMSE: 1.164545658902778
Cosine_Similarity: 0.5988773862670671
L1_Distance: 0.4364183723950683
