Dataset: quake_smart-seq2_limb_muscle
ARI: 0.7216311816010419
NMI: 0.8524983191770471
