Dataset: quake_10x_bladder
ARI: 0.9752548544761539
NMI: 0.9555136854763212
