Dataset: quake_10x_bladder
ARI: 0.9833502908654939
NMI: 0.9668653038388031
