Dataset: quake_10x_bladder
ARI: 0.9772471039722722
NMI: 0.9546873972174971
