Dataset: quake_smart-seq2_lung
ARI: 0.9540538774556042
NMI: 0.9556028026478183
