Dataset: quake_smart-seq2_lung
ARI: 0.9676569568575527
NMI: 0.9655875804122209
