Dataset: quake_smart-seq2_heart
ARI: 0.7796726707832381
NMI: 0.8473592610792399
