Dataset: quake_smart-seq2_heart
ARI: 0.7479651287055975
NMI: 0.8422607762676341
