Dataset: quake_smart-seq2_heart
ARI: 0.7498313754752219
NMI: 0.8291335353297552
