Dataset: young
ARI: 0.8023687127240481
NMI: 0.8377579724033208
