Dataset: young
ARI: 0.8946034949146627
NMI: 0.8974983106027824
