Dataset: young
ARI: 0.897960958362593
NMI: 0.8976073881532493
