Dataset: ziesel
RMSE: 0.32089015813689187
Cosine_Similarity: 0.8520031341227777
PCC: 0.8368151347714157
