Dataset: ziesel
RMSE: 0.27828931494422154
Cosine_Similarity: 0.8917582278386875
PCC: 0.8790441126814197
