Dataset: ziesel
RMSE: 0.27828931494422154
Cosine_Similarity: 0.8917582278386875
L1_Distance: 0.09011691910165062
