Dataset: romanov
ARI: 0.8455894202858055
NMI: 0.8398637404849907
