Dataset: romanov
ARI: 0.8682191812138828
NMI: 0.8526889789693012
