Dataset: romanov
ARI: 0.865274160432007
NMI: 0.8597277999940358
