Dataset: ziesel
RMSE: 0.36965372221131715
Cosine_Similarity: 0.7905147021065987
L1_Distance: 0.17077988259588087
