Dataset: ziesel
RMSE: 0.37641347431463384
Cosine_Similarity: 0.8015175128377262
PCC: 0.7765979311655931
