Dataset: ziesel
RMSE: 0.37178862231588417
Cosine_Similarity: 0.7928866531135064
PCC: 0.7674615676139738
