Dataset: alzheimer
ARI: 0.8909992955672111
NMI: 0.8093553658171818
