Dataset: quake_10x_bladder
ARI: 0.9652480159930857
NMI: 0.9296174870812217
