Dataset: quake_10x_bladder
ARI: 0.9773070794982046
NMI: 0.9517751121289298
