Dataset: quake_10x_spleen
ARI: 0.4217441549040455
NMI: 0.6560564527294918
