Dataset: quake_10x_spleen
ARI: 0.7992975217163419
NMI: 0.7850881079446911
