Dataset: quake_10x_spleen
ARI: 0.4217759519406114
NMI: 0.65600418244299
