Dataset: quake_10x_spleen
ARI: 0.8570548796805095
NMI: 0.8376538321667378
