Dataset: quake_smart-seq2_heart
ARI: 0.7090266269096691
NMI: 0.8291971799938386
