Dataset: quake_smart-seq2_heart
ARI: 0.5729464649886682
NMI: 0.7941272510182128
