Dataset: alzheimer
ARI: 0.9512408746530037
NMI: 0.9024813256978295
