Dataset: quake_smart-seq2_heart
ARI: 0.5863173352291232
NMI: 0.7881973715225631
