Dataset: quake_smart-seq2_heart
ARI: 0.5573888694186714
NMI: 0.7757619392147441
