Dataset: quake_smart-seq2_heart
ARI: 0.6409540183147214
NMI: 0.819819282910503
