Dataset: quake_smart-seq2_heart
ARI: 0.5876288894245596
NMI: 0.7907580055970487
