Dataset: quake_smart-seq2_limb_muscle
ARI: 0.9138754131689064
NMI: 0.9254509588858958
