Dataset: klein
RMSE: 0.3410271306364386
Cosine_Similarity: 0.8494706163317081
PCC: 0.7910247337397455
