Dataset: klein
RMSE: 0.26099384014526844
Cosine_Similarity: 0.9148951785204733
PCC: 0.898407672632655
