Dataset: klein
RMSE: 0.3410271306364386
Cosine_Similarity: 0.8494706163317081
L1_Distance: 0.17058711411014874
