Dataset: quake_10x_bladder
ARI: 0.9827631297226059
NMI: 0.9604109007418895
