Dataset: quake_10x_bladder
ARI: 0.9844633207023851
NMI: 0.9679256655723436
