Dataset: quake_smart-seq2_heart
ARI: 0.6973587711922726
NMI: 0.8253737072848074
