Dataset: quake_smart-seq2_heart
ARI: 0.7607163622916856
NMI: 0.8690255596160638
