Dataset: quake_smart-seq2_heart
ARI: 0.6927685127667382
NMI: 0.8225464818997164
