Dataset: quake_smart-seq2_heart
ARI: 0.6251128235229195
NMI: 0.8251881524099288
