Dataset: young
ARI: 0.9258296118171166
NMI: 0.927619093561136
