Dataset: young
ARI: 0.92832653452334
NMI: 0.922660588460274
