Dataset: quake_smart-seq2_trachea
RMSE: 1.2427061652423006
Cosine_Similarity: 0.5334553067828123
L1_Distance: 0.43128791316821125
