Dataset: quake_smart-seq2_trachea
ARI: 0.9022533505967203
NMI: 0.8688735778472587
