Dataset: quake_smart-seq2_trachea
ARI: 0.7361575415152918
NMI: 0.7421858770470613
