Dataset: quake_smart-seq2_lung
ARI: 0.8310952613151888
NMI: 0.8925446214054753
