Dataset: quake_smart-seq2_lung
ARI: 0.6967139483827441
NMI: 0.8237151641932349
