Dataset: quake_smart-seq2_lung
ARI: 0.8263905907394239
NMI: 0.8890912102400721
