Dataset: quake_smart-seq2_lung
ARI: 0.9506723380638
NMI: 0.9578866090201836
