Dataset: tosches turtle
ARI: 0.9330272581400438
NMI: 0.9434044041635724
