Dataset: tosches turtle
ARI: 0.7480966240840503
NMI: 0.8219638312175257
