Dataset: quake_10x_limb_muscle
ARI: 0.9350501703019837
NMI: 0.9170706091886648
