Dataset: quake_10x_limb_muscle
ARI: 0.9789630238653452
NMI: 0.9673423218259363
