Dataset: quake_smart-seq2_limb_muscle
RMSE: 1.2627505811551387
Cosine_Similarity: 0.48348943767216407
L1_Distance: 0.4257263704767245
