Dataset: quake_smart-seq2_limb_muscle
ARI: 0.543810951900842
NMI: 0.6384944021644758
