Dataset: quake_smart-seq2_limb_muscle
ARI: 0.5578838294701067
NMI: 0.652511434548879
