Dataset: quake_smart-seq2_limb_muscle
ARI: 0.43588722776935585
NMI: 0.6607673279322456
