Dataset: young
ARI: 0.8456330115116916
NMI: 0.862190189264133
