Dataset: young
ARI: 0.9561348030645204
NMI: 0.9531927313384426
