Dataset: quake_smart-seq2_trachea
ARI: 0.9322625902576288
NMI: 0.9026035500023517
