Dataset: quake_smart-seq2_trachea
ARI: 0.9552198850149776
NMI: 0.9198339527881049
