Dataset: ziesel
RMSE: 0.247854437973812
Cosine_Similarity: 0.9112912458284819
PCC: 0.9024255829760841
