Dataset: ziesel
RMSE: 0.20470635754205277
Cosine_Similarity: 0.9434525517443263
PCC: 0.9370038793319069
