Dataset: ziesel
RMSE: 0.20470635754205277
Cosine_Similarity: 0.9434525517443263
L1_Distance: 0.04747182376311188
