Dataset: ziesel
RMSE: 0.3847064558831477
Cosine_Similarity: 0.7946869051054328
PCC: 0.7690684745193617
