Dataset: ziesel
RMSE: 0.3414735290626553
Cosine_Similarity: 0.8248621923998177
PCC: 0.8036424846026619
