Dataset: ziesel
RMSE: 0.4105935052517765
Cosine_Similarity: 0.7461653861882707
PCC: 0.7133573309067317
