Dataset: plasschaert
ARI: 0.6645124058333731
NMI: 0.750590767312576
