Dataset: plasschaert
ARI: 0.7371713415477181
NMI: 0.7953753126015664
