Dataset: plasschaert
ARI: 0.7501749084855135
NMI: 0.7724431921172759
