Dataset: quake_10x_limb_muscle
ARI: 0.9926643313530965
NMI: 0.9866841123121077
