Dataset: quake_10x_limb_muscle
ARI: 0.9759706340970455
NMI: 0.9644543747622975
