Dataset: quake_10x_bladder
ARI: 0.9762668601554102
NMI: 0.9431955895308843
