Dataset: quake_10x_bladder
ARI: 0.9641064073486326
NMI: 0.9325692002774035
